0.739324 0.859085 
0.7589 0.897348 
0.747467 0.895308 
0.766494 0.904586 
0.75283 0.897233 
0.752802 0.894199 
0.773356 0.889127 
0.754531 0.896102 
0.757341 0.901171 
0.734506 0.877736 
0.778073 0.884935 
0.747475 0.895723 
0.735502 0.876399 
0.751171 0.885855 
0.74764 0.893483 
0.745738 0.87756 
0.773844 0.898189 
0.759712 0.87515 
0.768687 0.903023 
0.743152 0.886988 
0.772676 0.904 
0.751931 0.884896 
0.77294 0.903767 
0.766374 0.900633 
0.779318 0.886184 
0.777131 0.895915 
0.759607 0.901131 
0.770762 0.905122 
0.76804 0.89626 
0.77537 0.900807 
0.779381 0.878257 
0.753754 0.900247 
0.776116 0.897639 
0.722879 0.848445 
0.764831 0.905023 
0.733826 0.862389 
0.775259 0.878598 
0.73115 0.876711 
0.765846 0.884662 
0.743299 0.883935 
0.751045 0.897124 
0.75416 0.89859 
0.767786 0.905624 
0.750105 0.897435 
0.722297 0.838017 
0.740342 0.889165 
0.774851 0.89412 
0.766745 0.895548 
0.776177 0.899964 
0.758557 0.903316 
0.771847 0.904254 
0.767191 0.896721 
0.732878 0.876922 
0.765616 0.905057 
0.776468 0.8933 
0.750085 0.897041 
0.723883 0.851053 
0.737971 0.886372 
0.772824 0.88812 
0.745531 0.876344 
0.762677 0.902262 
0.761891 0.894745 
0.748991 0.895731 
0.734931 0.882431 
0.755426 0.897308 
0.778293 0.881596 
0.738249 0.884108 
0.737288 0.884321 
0.777792 0.890442 
0.744764 0.885817 
0.738116 0.874862 
0.74793 0.882221 
0.742734 0.883945 
0.743952 0.876347 
0.77241 0.903778 
0.765257 0.904662 
0.779633 0.873741 
0.773368 0.903543 
0.762276 0.903558 
0.752022 0.891564 
0.7523 0.897091 
0.753007 0.899717 
0.767154 0.905557 
0.773757 0.896226 
0.73391 0.86588 
0.73253 0.870768 
0.777082 0.897473 
0.768741 0.905218 
0.737357 0.88428 
0.753913 0.900351 
0.742085 0.889994 
0.779429 0.873094 
0.738866 0.886858 
0.751136 0.898966 
0.732576 0.861481 
0.760042 0.897532 
0.774982 0.901583 
0.7343 0.882217 
0.762505 0.904694 
0.779677 0.875302 
0.738323 0.886231 
0.741597 0.873929 
0.741602 0.886719 
0.739729 0.887598 
0.730675 0.874 
0.755341 0.901694 
0.763046 0.903203 
0.768083 0.904808 
0.774491 0.902506 
0.778361 0.885908 
0.739275 0.887876 
0.778739 0.888505 
0.74782 0.895537 
0.777811 0.891984 
0.762572 0.893562 
0.731425 0.875081 
0.762029 0.904914 
0.730796 0.876589 
0.763258 0.894669 
0.779019 0.888697 
0.778046 0.874622 
0.729602 0.875588 
0.777788 0.885418 
0.750532 0.886849 
0.745809 0.892755 
0.779374 0.880321 
0.733014 0.863166 
0.774829 0.900813 
0.779098 0.890279 
0.757528 0.902894 
0.770624 0.896795 
0.779272 0.886412 
0.756092 0.901409 
0.731422 0.876786 
0.764918 0.900766 
0.763606 0.903754 
0.736967 0.884439 
0.766266 0.901081 
0.770117 0.903846 
0.770683 0.903085 
0.779191 0.888895 
0.758057 0.903077 
0.756171 0.901271 
0.761102 0.903765 
0.745031 0.893867 
0.744644 0.881856 
0.778186 0.893675 
0.777394 0.89559 
0.777898 0.895865 
0.777929 0.881662 
0.766827 0.904376 
0.772916 0.903964 
0.776283 0.899814 
0.737136 0.854633 
0.738419 0.864845 
0.767655 0.897757 
0.779017 0.867601 
0.750284 0.896225 
0.743937 0.8924 
0.738343 0.882839 
0.776325 0.899349 
0.777377 0.897542 
0.752472 0.892633 
0.761658 0.892386 
0.777085 0.898138 
0.749425 0.888496 
0.729932 0.852368 
0.744167 0.889768 
0.775065 0.897643 
0.759218 0.900912 
0.753049 0.897814 
0.777685 0.886265 
0.752517 0.897106 
0.767862 0.905582 
0.731733 0.873853 
0.778879 0.891405 
0.745761 0.885336 
0.751591 0.891613 
0.763746 0.90497 
0.740907 0.885464 
0.766552 0.895559 
0.737231 0.874317 
0.779164 0.888078 
0.777873 0.885957 
0.755832 0.902002 
0.751343 0.897487 
0.77871 0.889429 
0.736929 0.885214 
0.751815 0.899234 
0.74802 0.892966 
0.741909 0.865976 
0.776019 0.898179 
0.775972 0.898878 
0.774607 0.902101 
0.753541 0.896056 
0.779158 0.88837 
0.754951 0.896218 
0.738804 0.884503 
0.774056 0.897238 
0.748123 0.895042 
0.765316 0.899362 
0.769786 0.904886 
0.762176 0.892323 
0.74944 0.897498 
0.740812 0.882186 
0.733674 0.872631 
0.756377 0.898014 
0.753047 0.891283 
0.741583 0.890457 
0.774715 0.899263 
0.774294 0.900391 
0.737656 0.886231 
0.770201 0.899111 
0.75019 0.890817 
0.753438 0.899184 
0.742356 0.891065 
0.760434 0.893655 
0.770315 0.905105 
0.735811 0.865524 
0.734982 0.881673 
0.770216 0.905304 
0.761049 0.90403 
0.750097 0.893358 
0.777772 0.896398 
0.778161 0.893322 
0.755345 0.888073 
0.778483 0.863157 
0.738386 0.881252 
0.767991 0.879048 
0.738427 0.886613 
0.74993 0.889589 
0.771238 0.903324 
0.74224 0.881468 
0.742956 0.875558 
0.777166 0.893147 
0.737076 0.883629 
0.76391 0.904086 
0.775095 0.900515 
0.777829 0.892349 
0.745942 0.886431 
0.779308 0.885737 
0.775452 0.893719 
0.750851 0.897899 
0.742287 0.890508 
0.759406 0.903423 
0.776113 0.897862 
0.761974 0.904896 
0.775546 0.901033 
0.744847 0.884123 
0.755072 0.901291 
0.772169 0.904319 
0.740701 0.888964 
0.778236 0.894011 
0.748803 0.892009 
0.74772 0.892615 
0.755697 0.901997 
0.741109 0.88833 
0.745143 0.891877 
0.769669 0.904183 
0.779242 0.88218 
0.75834 0.903212 
0.779242 0.877977 
0.758548 0.903526 
0.769026 0.899338 
0.753768 0.900808 
0.755362 0.901651 
0.774304 0.89646 
0.75677 0.902595 
0.778729 0.891622 
0.777701 0.896219 
0.733681 0.880331 
0.771264 0.901735 
0.770682 0.903151 
0.746161 0.894896 
0.758207 0.899818 
0.749203 0.897427 
0.730738 0.876908 
0.759593 0.893706 
0.754439 0.899142 
0.752301 0.887792 
0.742182 0.884518 
0.768222 0.90565 
0.748072 0.8844 
0.779022 0.870089 
0.734732 0.866213 
0.777003 0.894829 
0.757198 0.902279 
0.766656 0.905187 
0.75574 0.893575 
0.733736 0.877998 
0.760345 0.904189 
0.762896 0.894343 
0.750625 0.896168 
0.756086 0.897461 
0.773737 0.895498 
0.779297 0.870614 
0.764856 0.903782 
0.747065 0.894599 
0.773449 0.903555 
0.733834 0.87353 
0.778706 0.889668 
0.742321 0.882536 
0.757517 0.902974 
0.74553 0.888754 
0.77008 0.89736 
0.76037 0.888161 
0.75376 0.89757 
0.757813 0.902962 
0.757829 0.891173 
0.777977 0.873623 
0.765115 0.898701 
0.742075 0.888721 
0.751508 0.894458 
0.736707 0.882836 
0.732255 0.878991 
0.752135 0.874454 
0.777002 0.890905 
0.755166 0.88688 
0.754523 0.899953 
0.742952 0.883082 
0.778115 0.874317 
0.765092 0.898947 
0.776482 0.897155 
0.725509 0.862395 
0.771012 0.905026 
0.740336 0.881997 
0.727705 0.870181 
0.766941 0.901544 
0.743998 0.879555 
0.743094 0.891686 
0.771081 0.900303 
0.767271 0.905762 
0.775036 0.899468 
0.778377 0.864891 
0.751186 0.898782 
0.777758 0.888982 
0.748821 0.895153 
0.73541 0.883313 
0.741104 0.877091 
0.745641 0.894261 
0.779683 0.883202 
0.77961 0.883009 
0.763469 0.885103 
0.762218 0.90403 
0.772038 0.901639 
0.735769 0.876708 
0.778368 0.867416 
0.760727 0.90097 
0.775813 0.899936 
0.76936 0.905346 
0.739939 0.888407 
0.765617 0.895116 
0.743476 0.887266 
0.759537 0.895547 
0.773152 0.902823 
0.739318 0.884192 
0.741456 0.864792 
0.752361 0.894787 
0.745329 0.89156 
0.740561 0.877553 
0.744654 0.889857 
0.75629 0.90189 
0.779297 0.888618 
0.735045 0.879337 
0.767818 0.902514 
0.770917 0.904966 
0.746604 0.878156 
0.757316 0.902538 
0.747186 0.890622 
0.776954 0.898595 
0.779476 0.871913 
0.759091 0.891836 
0.751267 0.883379 
0.77786 0.89604 
0.752454 0.897747 
0.772958 0.901068 
0.758544 0.900128 
0.758696 0.903276 
0.777266 0.881018 
0.743083 0.877205 
0.779047 0.88665 
0.762117 0.902643 
0.755712 0.901849 
0.76682 0.89312 
0.762358 0.900168 
0.774451 0.901804 
0.743715 0.891376 
0.766185 0.904981 
0.760706 0.897832 
0.741999 0.890894 
0.778722 0.887284 
0.727959 0.872234 
0.779637 0.878629 
0.776831 0.886293 
0.759682 0.902472 
0.766556 0.881561 
0.745539 0.886785 
0.764567 0.904583 
0.741327 0.873909 
0.76135 0.904233 
0.779748 0.878121 
0.765663 0.904596 
0.74601 0.892592 
0.762677 0.901194 
0.771238 0.897783 
0.740561 0.888842 
0.777576 0.853935 
0.759075 0.903699 
0.757469 0.901401 
0.770118 0.900559 
0.757944 0.89473 
0.725958 0.858592 
0.750482 0.897827 
0.760265 0.900204 
0.750889 0.897069 
0.736289 0.879802 
0.742674 0.885445 
0.727577 0.86166 
0.774305 0.889856 
0.764726 0.905527 
0.760003 0.90288 
0.777791 0.895191 
0.730832 0.876678 
0.760286 0.903834 
0.764433 0.903901 
0.768928 0.895084 
0.777482 0.886611 
0.769205 0.904442 
0.770778 0.904936 
0.754536 0.888404 
0.745323 0.883439 
0.762482 0.897936 
0.779019 0.890806 
0.731405 0.875922 
0.740314 0.870973 
0.777689 0.895372 
0.734783 0.882126 
0.778197 0.890683 
0.742366 0.887654 
0.768825 0.896558 
0.758018 0.899905 
0.747293 0.891204 
0.779356 0.885236 
0.739767 0.885741 
0.758699 0.897509 
0.76707 0.905308 
0.758863 0.899778 
0.766029 0.905681 
0.758473 0.899982 
0.770686 0.885392 
0.743548 0.890658 
0.744365 0.885687 
0.755143 0.901581 
0.763825 0.901855 
0.735057 0.880807 
0.756506 0.902319 
0.741026 0.882036 
0.778884 0.890885 
0.7391 0.881021 
0.742054 0.890935 
0.756438 0.902381 
0.735717 0.869195 
0.752562 0.894479 
0.730301 0.875184 
0.730807 0.877082 
0.744198 0.892599 
0.741339 0.884462 
0.775336 0.900812 
0.768896 0.905607 
0.764045 0.897375 
0.749956 0.884941 
0.775787 0.900783 
0.779501 0.880812 
0.765241 0.895461 
0.749818 0.889727 
0.747123 0.891606 
0.76328 0.896414 
0.778554 0.889733 
0.77781 0.879012 
0.756505 0.877431 
0.747734 0.894215 
0.753933 0.87968 
0.774275 0.89899 
0.774562 0.899097 
0.771159 0.884647 
0.751806 0.894809 
0.775946 0.895994 
0.740167 0.885766 
0.760114 0.8979 
0.774327 0.896756 
0.747023 0.892075 
0.779689 0.874946 
0.768821 0.904236 
0.748284 0.891864 
0.777472 0.891579 
0.729174 0.864361 
0.778891 0.88833 
0.758509 0.903419 
0.759223 0.901442 
0.775854 0.894234 
0.769657 0.899656 
0.740014 0.888753 
0.768928 0.899459 
0.74162 0.890313 
0.779691 0.876566 
0.766559 0.904063 
0.766411 0.904998 
0.761484 0.90129 
0.733337 0.873695 
0.76716 0.88125 
0.751671 0.872332 
0.754086 0.896325 
0.73209 0.878984 
0.776482 0.870862 
0.759772 0.901477 
0.77412 0.878757 
0.758358 0.896301 
0.757735 0.8948 
0.77523 0.896255 
0.737547 0.884055 
0.748834 0.89339 
0.757931 0.890228 
0.765068 0.895023 
0.734604 0.876115 
0.73259 0.877409 
0.733118 0.880217 
0.739979 0.880798 
0.774661 0.882163 
0.753743 0.893548 
0.760299 0.904279 
0.748215 0.887944 
0.773453 0.894558 
0.732227 0.87943 
0.749182 0.886199 
0.779644 0.883052 
0.75602 0.891456 
0.775071 0.895879 
0.770028 0.900347 
0.779284 0.888804 
0.763626 0.905327 
0.756059 0.895558 
0.777802 0.880737 
0.779152 0.889773 
0.746265 0.88072 
0.764982 0.905606 
0.766552 0.903192 
0.753905 0.895555 
0.772926 0.900921 
0.766577 0.901014 
0.779638 0.8837 
0.757395 0.899055 
0.762324 0.904153 
0.764151 0.895109 
0.769023 0.900635 
0.740215 0.882033 
0.774121 0.89581 
0.767071 0.898141 
0.734779 0.880646 
0.7761 0.896707 
0.749513 0.896938 
0.777592 0.895667 
0.779732 0.877936 
0.778744 0.873823 
0.778555 0.893362 
0.766719 0.893873 
0.773757 0.885094 
0.740687 0.886825 
0.779581 0.873885 
0.74533 0.89175 
0.760964 0.899453 
0.778873 0.891182 
0.736292 0.882534 
0.775924 0.900506 
0.773042 0.900747 
0.744739 0.873304 
0.772668 0.899997 
0.779204 0.88925 
0.745005 0.880399 
0.757997 0.899803 
0.769081 0.901346 
0.754027 0.900182 
0.775592 0.897762 
0.746553 0.879836 
0.777383 0.89731 
0.779422 0.872209 
0.743323 0.881471 
0.739806 0.88446 
0.774898 0.895388 
0.732558 0.866154 
0.777291 0.893496 
0.753331 0.89245 
0.743613 0.874899 
0.767351 0.903585 
0.750966 0.895753 
0.757009 0.902736 
0.763087 0.905079 
0.770915 0.899845 
0.758345 0.900754 
0.737884 0.88431 
0.733241 0.880783 
0.760396 0.894403 
0.730455 0.872439 
0.774938 0.897665 
0.752144 0.890753 
0.733131 0.877407 
0.770376 0.899889 
0.752165 0.893933 
0.7717 0.890518 
0.729889 0.876064 
0.756719 0.878137 
0.775999 0.880212 
0.775611 0.893665 
0.737576 0.885691 
0.77542 0.888794 
0.727132 0.836092 
0.74233 0.890757 
0.738136 0.881766 
0.775581 0.900998 
0.741677 0.878927 
0.773141 0.903647 
0.767606 0.894298 
0.738706 0.884571 
0.769468 0.901031 
0.77896 0.882447 
0.763932 0.894055 
0.777256 0.893897 
0.740667 0.872433 
0.741778 0.885943 
0.761941 0.904876 
0.742403 0.880427 
0.735181 0.880292 
0.753471 0.900451 
0.736473 0.875093 
0.768526 0.903099 
0.767122 0.881106 
0.745441 0.893215 
0.755983 0.901723 
0.746308 0.894485 
0.755748 0.901698 
0.736322 0.874375 
0.777963 0.895611 
0.737286 0.885483 
0.778692 0.868207 
0.762538 0.893426 
0.744271 0.884856 
0.778108 0.887656 
0.741403 0.875139 
0.747047 0.89398 
0.742848 0.891756 
0.762292 0.903123 
0.746811 0.894317 
0.757688 0.903034 
0.762188 0.897435 
0.759279 0.902814 
0.775633 0.897119 
0.777229 0.896987 
0.761824 0.893406 
0.762688 0.904369 
0.757616 0.892443 
0.730932 0.864866 
0.759284 0.890074 
0.776054 0.898791 
0.771837 0.903144 
0.769383 0.90532 
0.764852 0.905369 
0.744036 0.89198 
0.745358 0.891386 
0.771932 0.898709 
0.746543 0.89339 
0.747782 0.888338 
0.733683 0.866401 
0.753679 0.897935 
0.760613 0.901882 
0.774879 0.90209 
0.743526 0.891672 
0.738877 0.883778 
0.737904 0.886408 
0.779308 0.880827 
0.777678 0.89661 
0.760854 0.90203 
0.74673 0.892673 
0.742324 0.881654 
0.767672 0.90351 
0.745225 0.883875 
0.779682 0.878617 
0.766923 0.902458 
0.75121 0.873662 
0.738734 0.885398 
0.771683 0.902149 
0.750004 0.897038 
0.759046 0.899213 
0.769648 0.904983 
0.756325 0.902376 
0.737422 0.88588 
0.77609 0.894154 
0.729772 0.87433 
0.73253 0.879986 
0.722953 0.842488 
0.779007 0.890745 
0.759875 0.902637 
0.76537 0.90032 
0.736983 0.874431 
0.766244 0.893697 
0.722156 0.838808 
0.757919 0.901742 
0.771476 0.904453 
0.770462 0.904923 
0.774089 0.902775 
0.768283 0.904662 
0.754487 0.89879 
0.777058 0.881829 
0.737598 0.880017 
0.756789 0.893176 
0.759788 0.877945 
0.752188 0.894781 
0.759523 0.898375 
0.734099 0.87344 
0.730637 0.87656 
0.75938 0.891914 
0.751644 0.899289 
0.76755 0.905082 
0.773487 0.901189 
0.738026 0.876466 
0.73345 0.881134 
0.745365 0.8817 
0.769113 0.889594 
0.757335 0.89158 
0.756716 0.902583 
0.764192 0.894565 
0.749136 0.897317 
0.763576 0.896276 
0.764151 0.905201 
0.762209 0.90016 
0.742955 0.876384 
0.745572 0.886759 
0.773571 0.903244 
0.749704 0.896458 
0.763326 0.901851 
0.773629 0.898885 
0.755022 0.889121 
0.769854 0.904339 
0.766104 0.884577 
0.769894 0.902656 
0.740788 0.876611 
0.754514 0.901137 
0.736708 0.883519 
0.751653 0.879083 
0.74395 0.872974 
0.743969 0.892259 
0.743693 0.892222 
0.776453 0.884319 
0.735207 0.873652 
0.76618 0.891759 
0.749672 0.892234 
0.726928 0.866245 
0.731936 0.872831 
0.761911 0.893612 
0.736542 0.865876 
0.778909 0.891118 
0.76346 0.89398 
0.758619 0.903291 
0.77684 0.895616 
0.743334 0.873988 
0.768561 0.902589 
0.755023 0.901364 
0.732436 0.878631 
0.769572 0.905433 
0.76065 0.892982 
0.725712 0.863339 
0.770837 0.901168 
0.774327 0.879628 
0.778307 0.872587 
0.769004 0.893522 
0.747483 0.89606 
0.753816 0.898978 
0.765254 0.899868 
0.743911 0.88946 
0.774325 0.902553 
0.75268 0.89151 
0.773823 0.900695 
0.773457 0.90355 
0.773633 0.898026 
0.616393 0.867089 
0.665247 0.881236 
0.709092 0.902006 
0.734645 0.897484 
0.730894 0.900508 
0.670722 0.889123 
0.684477 0.890921 
0.771067 0.862861 
0.716068 0.904234 
0.667842 0.868165 
0.752972 0.881046 
0.645644 0.874708 
0.723864 0.901085 
0.694018 0.905383 
0.659397 0.897331 
0.691516 0.880728 
0.708374 0.904899 
0.68554 0.901596 
0.642367 0.891556 
0.749182 0.892105 
0.677269 0.86743 
0.645617 0.886619 
0.692712 0.89947 
0.686098 0.900192 
0.670372 0.894549 
0.654129 0.896795 
0.697417 0.905762 
0.659495 0.898041 
0.682607 0.881106 
0.696522 0.902905 
0.668377 0.886794 
0.6429 0.891065 
0.754627 0.888871 
0.702574 0.903907 
0.668612 0.898857 
0.674714 0.901796 
0.701126 0.905588 
0.722159 0.899539 
0.705165 0.899832 
0.66222 0.896436 
0.668011 0.901682 
0.675737 0.872944 
0.666974 0.874318 
0.672721 0.895585 
0.61686 0.862465 
0.642416 0.883654 
0.724742 0.893491 
0.72168 0.902272 
0.601687 0.87855 
0.589151 0.873772 
0.668518 0.897192 
0.662058 0.900876 
0.661722 0.89789 
0.642121 0.897628 
0.600095 0.88284 
0.613241 0.886404 
0.662044 0.90478 
0.663217 0.90436 
0.681991 0.888459 
0.635748 0.88039 
0.646973 0.881844 
0.730751 0.894571 
0.736295 0.892667 
0.72072 0.897762 
0.627553 0.896794 
0.724002 0.897298 
0.677068 0.901698 
0.618578 0.895298 
0.642425 0.877528 
0.665983 0.903087 
0.677886 0.902631 
0.633023 0.880965 
0.659759 0.903613 
0.690421 0.904479 
0.643725 0.899063 
0.727302 0.896091 
0.676611 0.898643 
0.681422 0.901127 
0.751165 0.878872 
0.71102 0.900468 
0.656264 0.898708 
0.670074 0.881987 
0.622452 0.887546 
0.720644 0.895858 
0.630845 0.858533 
0.647258 0.903633 
0.647943 0.890822 
0.63844 0.893426 
0.641017 0.889848 
0.682164 0.890856 
0.738429 0.891575 
0.632376 0.899743 
0.630519 0.899626 
0.655387 0.883508 
0.689784 0.902061 
0.601788 0.878523 
0.708427 0.90188 
0.69273 0.900103 
0.661687 0.905111 
0.684171 0.903704 
0.605008 0.874931 
0.690264 0.904451 
0.753106 0.879619 
0.690073 0.900053 
0.625515 0.891056 
0.667859 0.894591 
0.719441 0.898531 
0.621362 0.895631 
0.645409 0.894824 
0.626443 0.875943 
0.594711 0.874714 
0.591023 0.875672 
0.638985 0.891395 
0.64266 0.902708 
0.591315 0.856411 
0.749173 0.881799 
0.705759 0.902408 
0.708901 0.900242 
