1.63991 4.68875 0.558703 
2.22068 0.84342 4.39967 
1.321 2.30867 4.23381 
3.2284 2.56614 2.82708 
1.7101 1.58862 4.42173 
1.67592 1.08184 4.58482 
4.30905 2.33196 0.996989 
1.83279 1.14671 4.50839 
2.13157 1.71007 4.18714 
0.221211 1.67444 4.70458 
4.72656 1.25906 1.02116 
1.47847 3.15692 3.58441 
0.267401 1.28961 4.80542 
1.52058 0.273715 4.76072 
1.27614 1.77858 4.49539 
1.91824 4.40797 1.37476 
3.78079 0.366827 3.25135 
3.33308 3.7129 0.32494 
3.21131 1.02727 3.69218 
0.878489 1.45606 4.70015 
3.78262 1.75641 2.75805 
1.58925 0.14611 4.73548 
3.81771 1.75289 2.71154 
2.9516 0.738161 3.96776 
4.73827 0.713089 1.41559 
4.42139 1.44413 1.83465 
2.67632 3.22322 2.72914 
3.54701 1.80325 3.0277 
3.67611 2.97417 1.62499 
4.01211 0.963887 2.8238 
4.84351 0.543873 0.963308 
1.86026 2.20148 4.08569 
4.08169 0.506538 2.8431 
0.186126 4.77404 1.43707 
2.87317 1.75324 3.69744 
0.157277 0.151475 4.89664 
4.64006 1.81281 0.4238 
0.111425 2.37355 4.40063 
3.73226 3.24474 0.736142 
1.49586 4.21187 2.24109 
1.58162 1.89936 4.34635 
1.83401 1.64712 4.35008 
3.20002 1.80949 3.38905 
1.73574 3.2377 3.39183 
0.29893 4.86679 0.775598 
0.858624 3.09175 3.83455 
4.31973 2.06392 1.44226 
2.987 0.149712 4.00814 
4.1351 1.01712 2.62037 
2.3101 2.20439 3.8476 
3.60775 1.37651 3.17638 
3.58425 3.04525 1.69694 
0.5196 4.02924 2.91465 
3.10694 2.50531 3.0117 
4.13021 0.118052 2.81757 
1.52089 2.10441 4.27296 
0.2251 4.75157 1.51824 
0.709997 3.29145 3.69625 
4.28464 2.40901 0.915686 
1.92434 4.43033 1.29182 
2.95343 3.04752 2.64384 
3.12616 3.49229 1.74099 
1.41469 2.00729 4.35537 
0.515632 3.48925 3.54391 
1.91763 1.22422 4.4524 
4.7852 1.12009 0.861694 
0.89954 3.8743 3.02995 
0.758546 3.68454 3.29375 
4.60468 1.37704 1.37832 
1.59932 4.15062 2.28352 
0.447915 0.70202 4.86981 
1.24409 0.250756 4.8506 
0.82599 1.09094 4.81914 
0.916006 0.159786 4.87907 
3.66359 1.27509 3.15471 
2.89698 1.58783 3.75318 
4.85317 0.113876 1.02433 
3.85159 1.64879 2.72888 
2.84571 2.88137 2.93253 
1.59841 0.819668 4.66547 
1.66829 1.65008 4.41522 
1.79403 2.21182 4.10967 
3.2168 2.24982 3.09685 
4.17966 2.22911 1.60046 
0.159208 0.399074 4.89088 
0.681623 4.44234 2.19105 
4.23734 0.712611 2.55679 
3.27296 1.58235 3.43277 
0.770753 3.70635 3.26634 
1.87399 2.19631 4.08219 
0.874511 2.33248 4.33528 
4.86868 0.257154 0.830874 
0.635862 2.48962 4.28922 
1.69912 2.66573 3.87387 
0.110929 0.206445 4.89629 
2.32596 0.76275 4.35984 
4.0698 1.58008 2.43723 
0.390683 3.15891 3.85601 
2.66197 1.95265 3.75514 
4.84622 0.145771 1.07527 
0.789667 3.49707 3.48524 
1.5746 4.51935 1.44774 
0.770442 1.70507 4.63635 
0.692927 2.40175 4.3303 
0.3558 4.05249 2.90705 
2.11172 2.78304 3.57705 
2.65525 1.42862 3.98857 
3.36847 2.39822 2.81103 
3.97458 1.49325 2.64064 
4.72424 1.17482 1.12989 
0.803705 3.23943 3.72292 
4.49857 0.123007 2.18152 
1.5502 3.31507 3.40694 
4.33134 0.165714 2.49408 
2.56738 0.134141 4.28893 
0.408301 4.03734 2.92117 
2.6757 2.31938 3.53002 
0.105638 2.47733 4.34311 
2.63328 0.20382 4.24612 
4.55378 0.198027 2.05514 
4.84599 0.981659 0.504092 
0.153473 3.51411 3.55511 
4.70347 1.35374 1.01279 
1.46444 0.43935 4.7542 
1.14583 2.02256 4.42679 
4.82472 0.616095 1.05418 
0.125695 0.279892 4.8939 
4.10732 1.76931 2.23592 
4.60074 0.56349 1.87483 
2.22801 2.30741 3.8356 
3.40387 0.175417 3.65928 
4.61381 0.130761 1.92342 
2.0507 2.02002 4.0883 
0.114807 2.29662 4.4412 
2.80601 0.841026 4.05203 
2.97814 2.82956 2.85031 
0.477496 2.42987 4.3437 
3.36084 2.94638 2.24132 
3.3822 1.17633 3.48954 
3.43347 1.01754 3.48939 
4.59859 0.346431 1.93194 
2.36687 2.74485 3.44437 
2.05009 1.95668 4.11929 
2.5051 1.82783 3.92219 
1.20107 2.84948 3.92911 
0.970044 0.584885 4.83818 
4.40061 0.458964 2.32894 
4.44304 1.36247 1.84474 
4.42595 1.00801 2.09641 
4.76912 1.23848 0.811763 
3.04164 1.39458 3.71532 
3.78261 1.61172 2.84504 
4.20987 1.31912 2.35306 
1.50045 4.74209 0.452854 
1.44186 4.67668 1.02913 
3.59889 2.97378 1.79014 
4.88765 0.202354 0.558113 
1.50931 1.84243 4.3963 
1.05275 2.51579 4.19077 
0.510441 1.7033 4.6723 
4.24466 1.41685 2.23054 
4.33133 1.02663 2.27718 
1.64024 0.905119 4.63547 
3.16522 3.55802 1.52376 
4.31363 1.17849 2.23689 
1.37259 0.750846 4.74399 
0.818064 4.81558 0.947354 
1.38872 3.81995 2.91192 
4.24008 1.93544 1.80989 
2.27959 1.38704 4.22843 
1.73668 1.67146 4.38067 
4.68309 1.39519 1.05467 
2.05864 3.52834 2.8832 
3.28058 2.17264 3.08502 
0.493057 4.19056 2.68255 
4.54097 0.511406 2.02924 
1.72233 4.19088 2.11425 
1.56242 0.877402 4.66712 
2.90947 2.54934 3.16794 
0.708503 1.62669 4.67363 
2.96685 0.154667 4.02284 
1.10371 4.47034 1.94877 
4.697 0.784459 1.51952 
4.70053 1.33554 1.05857 
2.08367 2.40428 3.85717 
1.89751 3.3932 3.14417 
4.49064 0.165619 2.19435 
0.528449 2.79152 4.11437 
1.82911 2.98927 3.56631 
1.71318 3.74862 2.83073 
1.77116 4.60457 0.812105 
4.07101 0.572073 2.84597 
4.25503 1.62232 2.06463 
4.02037 1.60985 2.49901 
1.75102 1.26993 4.50789 
4.68906 0.776896 1.54859 
2.36657 3.65657 2.45537 
0.563849 1.9051 4.58823 
4.17568 2.15075 1.71401 
1.62467 3.47432 3.20773 
2.83989 0.620305 4.06818 
3.3761 1.46557 3.38438 
2.53137 0.10517 4.31182 
1.62132 3.02278 3.63789 
0.674018 1.15925 4.80075 
0.153724 1.13179 4.85036 
2.45414 3.5219 2.56387 
2.32355 3.93199 2.03487 
0.912988 2.84827 4.00672 
4.16195 1.93138 1.98693 
4.09057 1.94674 2.11603 
0.63404 3.0549 3.9071 
3.79328 2.65917 1.8814 
2.03393 3.96738 2.26342 
2.06166 3.27954 3.16133 
0.945947 2.66995 4.12026 
2.35921 0.271647 4.40022 
3.45605 1.59529 3.24202 
0.274226 0.161483 4.89452 
0.576932 3.69793 3.31549 
3.47314 1.76499 3.13401 
2.67206 2.7442 3.21394 
1.45285 1.3297 4.59569 
4.38717 0.945792 2.20411 
4.39297 0.394988 2.35493 
2.64551 3.95871 1.52642 
4.89492 0.21483 0.315775 
0.496109 1.44415 4.75412 
4.02674 2.94479 0.337376 
0.616358 2.59625 4.22841 
1.41741 0.82284 4.72118 
3.50244 1.07734 3.40179 
0.77871 0.857821 4.83382 
0.834194 0.185744 4.88774 
4.23029 0.142428 2.6621 
0.454625 2.17045 4.48133 
2.99157 2.76627 2.89797 
3.96174 0.833272 2.93429 
4.33375 0.194687 2.48717 
1.08419 0.946345 4.77816 
4.74786 0.726112 1.37247 
4.37501 1.9477 1.43736 
1.5966 2.1721 4.21104 
0.905053 2.43672 4.2712 
2.36561 2.02604 3.91139 
4.08259 0.539062 2.8358 
2.66781 2.30768 3.54365 
4.05696 1.11657 2.70079 
1.65885 4.23198 2.08294 
1.98901 2.25664 3.99389 
3.72705 1.80682 2.80078 
0.785424 2.50415 4.25584 
4.51474 1.05046 1.87445 
1.34085 1.31259 4.63426 
1.26761 1.59401 4.56648 
2.08942 2.50879 3.78686 
1.06679 3.65616 3.23952 
1.41131 3.6414 3.12226 
3.33917 1.25672 3.50291 
4.80437 0.737984 1.10615 
2.2906 2.21294 3.85435 
4.84481 0.616126 0.900758 
2.35041 2.44111 3.67648 
3.22654 0.467109 3.7909 
1.94848 2.71207 3.72133 
2.12268 2.82243 3.5395 
4.21688 2.12594 1.64262 
2.18073 2.45147 3.77288 
4.59798 0.916575 1.73715 
4.33961 0.724077 2.37565 
0.232654 2.43735 4.35994 
3.79877 2.38428 2.21008 
3.68986 2.33681 2.434 
1.31094 2.91784 3.84285 
2.58077 3.36184 2.65283 
1.52397 2.64607 3.95927 
0.1103 2.60886 4.26535 
2.92593 3.64415 1.77732 
1.86608 1.72217 4.30718 
1.61827 0.356575 4.71529 
1.35307 4.14124 2.45346 
3.2534 1.83505 3.32382 
1.25479 0.449819 4.80266 
4.88174 0.353129 0.590953 
0.202991 0.321466 4.89192 
4.44911 1.53828 1.6849 
2.16211 2.07938 4.00018 
3.05289 1.65063 3.59934 
2.53658 3.78781 2.05387 
0.189434 1.89397 4.62403 
2.55971 2.58553 3.4297 
2.59792 0.194132 4.2684 
1.5313 1.76128 4.42187 
1.97436 1.16626 4.44313 
3.77069 0.12459 3.28289 
4.87875 0.174353 0.723741 
2.83535 1.39198 3.87598 
1.27189 2.19486 4.30869 
3.83967 1.54203 2.80696 
0.164985 1.21437 4.82262 
4.48939 0.180392 2.19532 
0.788476 0.974163 4.81774 
2.24201 2.39544 3.77296 
1.58776 3.99255 2.55707 
3.3422 0.226283 3.7124 
3.14054 3.69426 1.22051 
2.18134 3.52451 2.79638 
2.34425 2.7513 3.45465 
2.11603 0.218265 4.52538 
4.84759 0.965965 0.45522 
2.81826 0.546165 4.09378 
0.835187 1.99811 4.50665 
1.57335 1.29792 4.56504 
0.417467 2.0928 4.52175 
0.165945 2.62035 4.2561 
2.62014 4.20598 0.666659 
4.54798 1.60531 1.3185 
1.87799 0.1016 4.63361 
1.89349 1.91207 4.21412 
0.838849 0.94997 4.8162 
4.84678 0.946451 0.503456 
2.81643 0.578859 4.09055 
4.34687 1.59047 1.89074 
0.156694 4.41589 2.34227 
3.56072 1.71645 3.06183 
0.638367 1.2109 4.79448 
0.157834 4.03744 2.94686 
3.01474 0.84594 3.89813 
0.916668 0.42503 4.85392 
1.12502 3.25889 3.62131 
3.45665 0.569474 3.56752 
3.1796 2.01814 3.289 
3.94066 0.635572 3.01114 
4.89238 0.37702 0.300711 
1.66558 2.44462 4.03107 
4.63475 1.39205 1.25659 
1.708 3.53327 3.09817 
0.402537 2.74948 4.15671 
0.682784 0.533472 4.86847 
1.30876 3.11583 3.68494 
4.74894 0.249048 1.52968 
4.71817 0.123226 1.65519 
3.50218 3.46753 0.843293 
2.60555 1.74426 3.8947 
3.86772 2.2755 2.20511 
0.873648 4.29986 2.39747 
4.88463 0.529672 0.343585 
2.41237 1.22551 4.20458 
4.19853 1.55291 2.2272 
3.43657 2.07743 2.97899 
0.743342 2.6342 4.18428 
3.47801 3.21849 1.59516 
1.40587 4.0084 2.63746 
2.86764 3.58641 1.97844 
3.89946 1.93147 2.46237 
0.589847 1.73211 4.65259 
1.74822 4.62092 0.766829 
2.1355 3.74091 2.53872 
1.08941 1.85965 4.5116 
1.37773 4.42211 1.88327 
1.01647 1.66364 4.60412 
2.08789 2.15838 3.99776 
4.65978 0.568377 1.71998 
0.696043 4.03591 2.86826 
3.11362 0.965779 3.79108 
3.52867 1.60074 3.16007 
1.13763 0.103523 4.83689 
2.18525 2.16396 3.94233 
1.70861 3.91801 2.59421 
4.27086 1.0909 2.35993 
4.87117 0.153086 0.853408 
2.23383 0.173266 4.4697 
1.53343 0.0942698 4.75402 
4.38072 0.819461 2.26656 
1.69243 1.76481 4.36129 
3.96416 2.1635 2.14578 
2.21125 1.3211 4.28543 
2.43703 2.77071 3.37403 
4.7412 1.41105 0.699592 
0.842826 0.30506 4.8644 
4.56504 0.0982285 2.03947 
2.56099 1.40349 4.0585 
2.06171 2.34034 3.90799 
3.64159 3.14133 1.36772 
2.55519 0.940044 4.19371 
3.89336 1.01666 2.96783 
1.24809 3.52013 3.32427 
3.1713 2.50018 2.94822 
2.91562 3.43863 2.1622 
0.94933 2.85957 3.99019 
4.71188 1.04115 1.30149 
0.128097 3.78995 3.26071 
4.83198 0.354316 1.11406 
4.6308 1.62246 0.968585 
2.61745 3.04219 2.98227 
3.8546 3.143 0.51306 
1.05431 1.04846 4.76554 
3.03031 2.65262 2.96324 
1.54718 4.52097 1.47207 
2.5475 1.96283 3.82846 
4.81979 0.163255 1.24255 
3.14389 2.61003 2.8816 
1.48553 3.63191 3.09875 
2.99796 3.14619 2.47259 
3.47191 0.262581 3.58866 
0.775994 2.51696 4.25 
4.89873 0.100848 0.101321 
2.43525 2.6013 3.50751 
2.42183 3.15015 3.03505 
3.34922 0.608535 3.66224 
2.72945 3.67813 2.00536 
0.271954 4.61954 1.89359 
1.7589 3.19603 3.41927 
2.36287 1.14078 4.25618 
1.86395 3.42188 3.13316 
0.830619 4.11587 2.71476 
0.830808 1.30564 4.7488 
0.370987 4.585 1.95943 
4.37156 2.17551 1.07525 
2.95193 2.2786 3.33077 
2.38673 1.732 4.03777 
4.46738 1.20627 1.89389 
0.251876 3.67165 3.38502 
2.44893 2.00846 3.86891 
2.79806 1.45722 3.87904 
3.22105 0.0989426 3.82426 
4.6649 1.45694 1.05371 
3.49394 2.3478 2.69819 
3.50487 1.55568 3.20864 
1.81725 0.217696 4.65297 
1.72907 4.26284 1.95923 
3.09165 3.34939 2.05504 
4.59889 0.65894 1.84801 
0.107342 2.10774 4.53396 
1.50803 4.5791 1.32547 
4.45884 1.24395 1.88963 
0.326882 2.56495 4.27955 
4.3972 0.14368 2.37778 
0.833366 1.71777 4.62089 
3.20609 0.17599 3.83374 
2.16366 1.34525 4.30216 
1.69916 3.8758 2.66293 
4.75665 0.694685 1.35478 
1.01983 3.85456 3.01696 
2.20323 0.885573 4.40011 
3.1005 1.67224 3.54831 
2.23477 1.22076 4.30294 
3.03702 1.99026 3.43735 
2.6028 3.34539 2.65217 
4.15337 2.69029 0.715254 
0.964283 2.07959 4.44356 
0.958486 1.07485 4.77916 
2.09337 2.78547 3.58593 
2.70834 1.09425 4.05796 
0.633485 3.85898 3.11562 
2.13365 2.32463 3.87855 
0.689023 1.10617 4.80868 
4.61864 0.848802 1.7164 
0.54377 1.28494 4.78821 
0.996532 3.07659 3.81336 
2.14342 2.41986 3.81439 
0.264571 0.464663 4.88784 
2.16875 3.76543 2.47344 
0.256555 3.82903 3.20549 
0.215594 3.5533 3.51128 
1.07008 2.48672 4.20365 
1.2587 4.10409 2.56358 
4.132 1.59752 2.31824 
3.33402 1.85348 3.23247 
3.26353 3.2764 1.90125 
1.41564 0.303901 4.77604 
4.10027 1.16656 2.61279 
4.81918 0.541509 1.13546 
2.83171 0.184819 4.11742 
1.40862 0.854016 4.71838 
1.21178 1.52025 4.60676 
2.63385 0.380586 4.233 
4.46128 0.145926 2.25468 
4.79615 1.20339 0.661497 
2.98733 3.96126 0.619935 
1.29784 1.92088 4.43005 
2.69336 4.1089 0.928606 
3.8369 0.495376 3.16738 
4.15672 1.97495 1.95471 
4.20799 2.6167 0.667273 
1.6003 1.31166 4.55174 
4.05358 0.275511 2.91442 
0.666136 1.8361 4.60258 
2.85267 3.45791 2.21468 
3.84117 0.233131 3.19278 
1.21086 1.62189 4.57197 
4.8411 0.107014 1.11538 
3.24674 1.27986 3.58058 
1.78738 3.86158 2.62558 
4.56076 1.46702 1.43063 
0.479082 4.5568 2.00134 
4.5278 0.144261 2.11845 
2.38797 2.64175 3.5098 
2.28879 1.49466 4.18656 
4.04382 0.129718 2.93965 
3.72741 2.70064 1.95276 
0.848319 3.16866 3.77355 
3.21613 0.484764 3.79748 
0.994835 3.23085 3.68405 
4.84075 0.193563 1.10422 
3.26417 2.6469 2.70912 
3.19306 2.48369 2.9387 
2.87016 3.17756 2.58179 
0.145649 1.3241 4.80256 
3.91472 3.07281 0.482147 
2.61442 4.22612 0.551982 
2.26834 3.64487 2.56315 
0.170085 2.71066 4.19906 
4.80819 1.29176 0.189124 
2.67851 3.18326 2.77353 
4.55038 2.03688 0.380276 
2.16763 0.753963 4.44212 
2.70587 3.68225 2.02952 
3.95745 0.239037 3.04696 
0.809297 3.77911 3.17225 
1.35816 1.53862 4.55928 
2.12724 0.145974 4.52377 
3.42793 3.26509 1.60875 
0.758033 4.26316 2.50013 
0.461079 3.9288 3.0581 
0.219822 2.65657 4.23057 
0.605513 1.11164 4.8163 
4.5397 2.01116 0.587888 
1.75167 0.876842 4.6002 
2.50201 2.32768 3.6499 
1.27162 0.833956 4.75683 
4.19731 2.30672 1.4357 
0.194404 2.86041 4.09718 
1.349 0.517068 4.77734 
4.7779 0.421568 1.37996 
1.94912 0.392533 4.58761 
4.29131 1.98961 1.62042 
3.33863 0.580576 3.6765 
4.64625 0.525797 1.76997 
2.84178 2.31579 3.40021 
1.96011 0.888471 4.5131 
4.77373 1.25362 0.746379 
4.60356 0.488188 1.88986 
1.10439 0.282383 4.83649 
2.9549 2.15867 3.40713 
3.30525 2.7544 2.54722 
2.27688 3.7005 2.47433 
3.67756 0.699378 3.31447 
2.97423 0.78343 3.9421 
4.76453 0.411242 1.43687 
2.10079 1.27046 4.35571 
2.81299 2.76032 3.07694 
2.72184 0.20064 4.19008 
3.22956 0.638238 3.76331 
0.629872 1.23568 4.79066 
3.81703 0.150334 3.2275 
3.01819 0.382548 3.96773 
0.277328 2.1503 4.50559 
4.07581 0.378179 2.87129 
1.68911 3.26438 3.38979 
4.30564 0.551784 2.48125 
4.82839 0.192611 1.19569 
4.8828 0.685798 0.609036 
4.51939 0.809654 1.98058 
3.61392 3.14181 1.43845 
4.41794 2.22331 0.733591 
1.0873 3.82494 3.03107 
4.85958 0.172214 0.953819 
1.09341 1.9007 4.49346 
2.42053 0.953204 4.26998 
4.5336 0.453232 2.05925 
0.390367 2.14148 4.50122 
4.1106 1.10594 2.62284 
3.69083 0.677697 3.30437 
1.90945 4.48394 1.11723 
3.97877 2.27967 1.99293 
4.61015 0.435982 1.88558 
0.999413 0.391056 4.84559 
2.16051 1.32889 4.3089 
3.61805 2.67687 2.17799 
1.8713 2.09921 4.13416 
4.00776 0.451737 2.95522 
1.94912 4.35374 1.49861 
4.3001 0.836733 2.40997 
4.87336 0.209789 0.814729 
0.863615 0.711354 4.8391 
0.624379 1.67702 4.6745 
4.29125 2.03518 1.56279 
0.110318 0.611136 4.883 
4.50217 1.48837 1.58575 
1.71261 0.781484 4.63182 
0.890471 0.113198 4.86966 
3.0788 1.18702 3.75657 
1.54811 1.613 4.47225 
2.20598 2.46527 3.74915 
2.73761 2.05845 3.64256 
3.43648 0.50798 3.5961 
2.20364 1.46766 4.24142 
0.841949 3.79418 3.14572 
0.261775 2.88704 4.07411 
2.35491 0.353212 4.39648 
0.387026 4.17684 2.72108 
3.91956 0.374323 3.0816 
2.24423 3.96489 2.05993 
0.161032 1.93533 4.60835 
3.78468 2.60624 1.97059 
2.14474 3.79849 2.44366 
4.1402 2.58626 1.08137 
0.160201 3.4806 3.58742 
2.99457 3.94975 0.656943 
4.67027 1.69621 0.551949 
4.01372 0.0983353 2.98169 
0.553895 2.62921 4.21664 
4.47982 1.95947 1.04428 
0.811134 4.86608 0.217625 
1.08134 3.34301 3.55736 
0.979883 4.10249 2.68505 
4.06269 1.12151 2.68997 
1.46114 4.39004 1.89541 
3.76942 1.37417 2.9837 
3.68625 3.05092 1.45048 
0.559693 1.94229 4.57313 
3.27961 0.684987 3.71144 
4.79679 0.88302 1.04046 
2.70201 0.13649 4.20606 
4.24274 0.207437 2.63562 
0.650623 0.163562 4.88123 
1.25653 4.01447 2.70276 
2.6778 2.37534 3.49095 
0.789158 0.717404 4.84674 
0.288689 1.96718 4.58942 
1.86721 2.41784 3.95824 
1.00002 4.41574 2.1216 
3.49812 2.59606 2.4542 
3.91377 3.07526 0.473775 
1.14224 2.25408 4.3144 
2.21086 2.93776 3.38843 
1.23683 2.4122 4.20134 
2.0485 2.2351 3.97595 
0.313836 0.910275 4.85854 
4.43863 1.00591 2.07017 
0.541385 2.69699 4.17525 
4.88546 0.421738 0.44637 
2.56437 0.142972 4.291 
0.947535 0.981512 4.79671 
4.67981 1.27571 1.20952 
0.707378 0.307795 4.87449 
1.25043 2.02511 4.39725 
1.05129 3.02135 3.84272 
2.58594 1.49133 4.01102 
1.49257 3.42838 3.31943 
2.25145 2.35557 3.79233 
2.52826 0.576759 4.27487 
2.32846 1.83231 4.02759 
4.29583 1.82563 1.79222 
4.25636 0.665988 2.53782 
2.49418 0.171215 4.33093 
2.65826 1.79034 3.83775 
2.09499 0.360149 4.52559 
0.659167 4.60974 1.82038 
2.98908 3.73759 1.44772 
4.26256 1.60335 2.06369 
3.57149 1.06015 3.33479 
3.44148 2.0863 2.96718 
2.89855 1.91443 3.59632 
1.25392 3.44428 3.4007 
1.46223 3.73189 2.98908 
3.55153 0.371731 3.49971 
1.51179 3.56744 3.16038 
1.23805 0.939849 4.74705 
0.148209 0.477392 4.89677 
2.15562 3.48044 2.87046 
2.41503 1.4135 4.14354 
3.99617 1.32584 2.69673 
1.00032 2.38748 4.27772 
0.556641 1.75317 4.64894 
0.613144 2.83599 4.07201 
4.81951 0.669473 1.05531 
4.38883 1.034 2.16098 
2.43863 1.41591 4.12893 
1.20082 1.79603 4.50906 
0.785801 0.867875 4.83416 
3.11084 1.15743 3.73937 
1.01986 0.734838 4.8177 
4.82983 0.300718 1.15204 
3.37251 2.79577 2.41038 
2.54484 4.25139 0.670507 
0.90115 3.76035 3.16985 
3.53841 0.86002 3.42626 
1.51637 2.12511 4.26429 
2.24535 1.10642 4.32822 
3.49538 2.16723 2.84344 
2.15878 2.5599 3.713 
0.646044 3.20223 3.78524 
4.07581 0.138292 2.8946 
0.22877 3.85488 3.17673 
0.230386 3.04359 3.96017 
0.284544 4.84663 0.998406 
4.60948 0.713737 1.80041 
2.36935 1.6857 4.06748 
3.30006 3.05601 2.18403 
0.361955 0.817759 4.86444 
3.5735 3.18755 1.43841 
0.273067 4.86243 0.84088 
2.45501 3.11049 3.04918 
3.67665 1.96927 2.75752 
3.56416 2.04012 2.85217 
3.87623 1.25946 2.89618 
3.20038 1.4051 3.57535 
2.20913 3.40761 2.91686 
4.71706 1.4845 0.722775 
0.432466 1.40941 4.76855 
2.65643 3.7736 1.92427 
3.2909 3.73112 0.49806 
2.11666 3.73862 2.5579 
2.28228 0.929082 4.35054 
0.78214 4.39012 2.26164 
0.230037 3.63808 3.42274 
2.95246 3.69871 1.6131 
1.72787 2.57191 3.92425 
3.29884 2.38293 2.90504 
4.00013 2.05295 2.18721 
0.44467 0.890219 4.85445 
0.291156 2.9789 4.0053 
1.02885 0.481013 4.83782 
3.93116 2.91415 1.02616 
2.06966 0.292766 4.54218 
2.20476 2.60336 3.65536 
2.72693 0.159293 4.18889 
1.50844 2.59059 4.00173 
2.66315 0.346968 4.21744 
2.82673 1.92561 3.64717 
2.98909 3.24163 2.3573 
0.833101 0.247637 4.86732 
1.05662 1.04027 4.79942 
3.81459 1.3046 2.95745 
1.47914 2.0312 4.32272 
3.03821 3.06351 2.52661 
3.75508 0.443261 3.27139 
1.86032 0.241104 4.63475 
3.55702 2.28359 2.67065 
3.75752 3.2182 0.723594 
3.33894 0.937887 3.60165 
0.65764 0.52537 4.86985 
1.95877 2.39244 3.92931 
0.721414 3.71704 3.26546 
2.48065 4.21612 1.03457 
1.83651 4.50401 1.15792 
1.22188 3.34748 3.50733 
1.03756 2.54914 4.17435 
4.6374 1.68149 0.814901 
0.237603 1.00104 4.85012 
3.61378 3.2135 1.2702 
1.41018 1.21762 4.63956 
0.188652 4.29686 2.55126 
0.551483 4.28552 2.51604 
3.15845 3.51813 1.62691 
0.329024 0.130394 4.89331 
4.54389 0.476438 2.03074 
3.30018 3.40702 1.58156 
2.42429 2.75018 3.3999 
4.18139 0.355812 2.71825 
1.75197 4.5012 1.29219 
3.19294 0.952932 3.72776 
1.99368 2.31553 3.95766 
0.160935 2.42099 4.37288 
3.39345 1.74589 3.23054 
2.38095 0.197649 4.39289 
0.153779 4.37659 2.4151 
3.78255 2.48072 2.13028 
4.55334 2.01918 0.434193 
4.86627 0.807306 0.474792 
3.83365 2.91288 1.34853 
1.40499 2.81514 3.88596 
2.11992 3.34477 3.05261 
2.83527 0.691932 4.05974 
0.961266 1.7378 4.58859 
3.97389 1.59311 2.5826 
1.65432 0.737157 4.65987 
4.04468 2.02472 2.13083 
3.83731 1.52448 2.81982 
4.11915 2.20126 1.78503 
0.124478 4.12974 2.81836 
0.653435 1.07035 4.81427 
3.79323 2.35476 2.25079 
4.35594 1.33827 2.05766 
4.112 1.11065 2.61888 
2.64799 3.92644 1.60351 
3.12916 3.62818 1.42989 
4.89505 0.285255 0.256418 
3.69632 1.49628 3.0164 
0.210799 0.483863 4.88372 
4.7922 1.0921 0.839521 
1.60366 4.50165 1.47065 
4.10144 1.68321 2.31173 
3.17841 2.35977 3.05436 
1.50844 2.45099 4.08863 
1.26155 0.140939 4.81411 
3.32997 1.46344 3.43069 
2.26529 1.5724 4.17078 
1.14315 3.32262 3.55722 
4.50209 0.493495 2.11812 
0.38597 0.152408 4.88821 
0.629933 2.34282 4.37213 
2.28106 1.10763 4.30915 
2.16427 1.40458 4.28301 
2.6311 3.71657 2.06496 
1.48524 2.83619 3.84056 
3.17158 2.05296 3.27515 
2.07973 3.43764 2.97616 
1.04274 0.401209 4.83674 
2.66712 1.34501 4.00971 
0.975914 1.20312 4.74731 
1.34747 3.66702 3.12043 
4.52345 0.17326 2.12493 
2.95958 1.32668 3.80533 
1.7242 2.05924 4.21733 
2.08482 2.10438 4.02808 
3.34309 2.06155 3.09412 
3.31025 0.477735 3.71671 
3.73738 2.67342 1.97085 
1.44954 2.16274 4.26858 
2.31218 3.04318 3.22379 
0.54875 0.343364 4.87862 
0.403543 0.725316 4.90229 
1.55348 1.56192 4.49157 
0.180006 4.43465 2.30476 
1.4839 4.22133 2.23127 
4.27172 2.2157 1.35734 
3.58186 0.892546 3.37249 
0.162256 2.51294 4.32091 
0.176914 3.85406 3.17984 
2.18645 0.857841 4.41387 
3.09467 3.13276 2.36821 
3.09052 3.3528 2.05127 
2.48594 3.55125 2.49171 
0.785801 3.86126 3.0778 
1.41065 4.06193 2.55156 
2.98237 2.61106 3.04754 
3.0492 2.69663 2.90348 
2.03915 0.107919 4.56519 
0.631704 1.00311 4.82937 
0.910429 0.676864 4.85468 
4.18841 0.245229 2.72006 
4.47616 0.5023 2.17037 
3.96245 0.415619 3.02102 
1.45472 2.42709 4.12217 
4.11487 0.496803 2.79651 
2.72215 1.0548 4.05916 
1.39522 3.06703 3.69421 
0.633229 0.662248 4.85774 
2.56915 1.5037 4.01729 
2.82367 1.14913 3.96318 
0.609428 1.127 4.80882 
2.49346 1.78936 3.94729 
3.43281 1.34766 3.37634 
1.8124 1.83811 4.28202 
4.1643 0.394811 2.73901 
3.49641 3.0175 1.91576 
2.79539 0.90475 4.04559 
4.83181 0.819251 0.840879 
3.78543 0.679438 3.19516 
2.93212 3.37418 2.24006 
1.43001 0.109198 4.77789 
1.76956 4.10061 2.24793 
3.75966 0.145208 3.29456 
1.59755 4.69995 0.565254 
2.44128 2.64459 3.47071 
2.63385 3.8746 1.74637 
2.35776 3.82499 2.19337 
1.18617 1.25813 4.68917 
2.16814 0.165887 4.50363 
4.38371 0.151618 2.39837 
1.78585 2.5984 3.88053 
1.80831 2.797 3.7292 
1.16177 0.482546 4.81363 
3.12366 0.884873 3.80261 
0.161493 2.50441 4.32589 
4.02089 1.32592 2.6597 
3.87761 2.4484 1.99251 
2.93151 2.50237 3.18504 
3.62202 2.33433 2.53607 
0.994225 4.41943 2.1165 
3.68702 1.92624 2.77397 
4.83163 0.588575 1.02457 
2.96569 0.64931 3.97276 
1.89968 3.93958 2.42294 
2.01259 0.696082 4.5237 
3.99311 0.543886 2.95953 
1.66591 3.43727 3.22646 
1.55055 1.41026 4.53936 
1.75918 4.46308 1.40898 
0.541528 4.18311 2.68501 
0.29728 3.85074 3.17574 
1.23517 1.42469 4.63026 
2.2191 2.57054 3.66988 
0.21918 4.64217 1.8434 
4.80675 0.758377 1.06773 
3.97618 1.41636 2.68035 
3.65726 0.592027 3.3577 
