1.63991 4.69026 0.558668
2.22068 0.843406 4.39969
1.32099 2.30867 4.2338
3.2284 2.56614 2.82708
1.7101 1.58862 4.42175
1.67592 1.08183 4.58486
4.30906 2.33196 0.996977
1.83279 1.1467 4.50843
2.13157 1.71007 4.18713
0.21012 1.67444 4.7066
4.72991 1.25905 1.02115
1.47847 3.15692 3.58441
0.263222 1.2896 4.82366
1.52058 0.270524 4.75549
1.27613 1.77858 4.49535
1.91824 4.408 1.37475
3.78079 0.366568 3.25135
3.33308 3.7129 0.323934
3.21131 1.02726 3.69218
0.878475 1.45607 4.70193
3.78262 1.75641 2.75805
1.58925 0.103735 4.73957
3.81771 1.75289 2.71154
2.9516 0.738146 3.96777
4.74212 0.713062 1.41558
4.42137 1.44414 1.83465
2.67632 3.22322 2.72914
3.54701 1.80325 3.0277
3.67611 2.97417 1.62498
4.01212 0.963875 2.8238
4.87609 0.543838 0.963296
1.86026 2.20148 4.0857
4.0817 0.506502 2.8431
0.160985 4.78633 1.43706
2.87317 1.75324 3.69744
0.118564 0.109073 4.9974
4.64049 1.81281 0.423722
0.0233467 2.37355 4.40065
3.73226 3.24474 0.736115
1.49586 4.21188 2.24109
1.58162 1.89936 4.34637
1.83401 1.64712 4.3501
3.20002 1.80949 3.38905
1.73574 3.2377 3.39183
0.296182 4.93059 0.775571
0.858638 3.09175 3.83456
4.31974 2.06392 1.44225
2.987 0.112214 4.00815
4.13511 1.01713 2.62037
2.3101 2.20439 3.84761
3.60775 1.37651 3.17638
3.58425 3.04525 1.69694
0.519578 4.02925 2.91465
3.10694 2.50531 3.0117
4.13022 0.0508271 2.81757
1.52089 2.10441 4.27298
0.213477 4.75914 1.51823
0.710013 3.29145 3.69625
4.28465 2.40901 0.915675
1.92434 4.43036 1.29183
2.95343 3.04752 2.64384
3.12616 3.49229 1.74099
1.41469 2.00729 4.35539
0.51561 3.48925 3.54391
1.91763 1.22421 4.45242
4.79614 1.12008 0.861682
0.899533 3.8743 3.02995
0.758538 3.68454 3.29375
4.60479 1.37703 1.37831
1.59932 4.15063 2.28352
0.447859 0.701992 4.93018
1.24409 0.245781 4.83651
0.825983 1.09095 4.80911
0.916013 0.126158 4.91376
3.66359 1.2751 3.15471
2.89697 1.58783 3.75318
4.8938 0.0391983 1.02432
3.85159 1.64879 2.72888
2.8457 2.88137 2.93253
1.59841 0.819654 4.66618
1.66829 1.65008 4.4152
1.79403 2.21182 4.10966
3.2168 2.24982 3.09685
4.17966 2.22911 1.60046
0.121616 0.398911 4.98258
0.681631 4.44237 2.19105
4.23734 0.712584 2.55679
3.27296 1.58236 3.43277
0.770745 3.70635 3.26634
1.87399 2.19631 4.0822
0.874508 2.33248 4.33529
4.92401 0.252596 0.830862
0.635853 2.48962 4.28923
1.69912 2.66573 3.87387
0.0224311 0.190586 4.99632
2.32597 0.762776 4.35982
4.0698 1.58009 2.43723
0.390484 3.15891 3.85601
2.66198 1.95265 3.75514
4.88189 0.104548 1.07526
0.789666 3.49707 3.48524
1.5746 4.51937 1.44774
0.77044 1.70506 4.63672
0.692923 2.40175 4.33029
0.355388 4.0525 2.90705
2.11173 2.78304 3.57705
2.65526 1.42861 3.98857
3.36848 2.39822 2.81103
3.97458 1.49324 2.64064
4.72686 1.17481 1.12988
0.803705 3.23943 3.72292
4.49858 0.0610749 2.18152
1.55019 3.31507 3.40694
4.33134 0.138056 2.49408
2.56737 0.11693 4.28893
0.408185 4.03735 2.92116
2.67571 2.31938 3.53002
0.00991852 2.47733 4.34312
2.63329 0.190293 4.24612
4.55382 0.197787 2.05514
4.87671 0.98167 0.504054
0.11063 3.51411 3.55511
4.7055 1.35373 1.01278
1.46443 0.439308 4.76051
1.14582 2.02256 4.42678
4.84863 0.616064 1.05417
0.0544755 0.276939 4.99203
4.10733 1.76931 2.23592
4.60082 0.563457 1.87483
2.228 2.30741 3.83561
3.40388 0.15257 3.65928
4.61394 0.109653 1.92342
2.05069 2.02002 4.0883
0.0346385 2.29662 4.44121
2.80602 0.841014 4.05203
2.97815 2.82956 2.8503
0.477462 2.42987 4.3437
3.36085 2.94638 2.24132
3.38221 1.17632 3.48954
3.43348 1.01753 3.48939
4.59868 0.346032 1.93194
2.36686 2.74485 3.44438
2.05008 1.95668 4.11929
2.50511 1.82783 3.92218
1.20106 2.84948 3.92912
0.970031 0.584852 4.87001
4.40062 0.458924 2.32894
4.44304 1.36248 1.84474
4.42595 1.008 2.09641
4.77569 1.23849 0.811751
3.04163 1.39459 3.71532
3.78262 1.61172 2.84503
4.20988 1.31911 2.35306
1.50044 4.74801 0.452809
1.44185 4.67568 1.02914
3.5989 2.97378 1.79014
4.96521 0.187693 0.558096
1.50929 1.84243 4.3963
1.05274 2.51579 4.19077
0.510422 1.7033 4.67314
4.24467 1.41685 2.23054
4.33134 1.02662 2.27718
1.64022 0.905108 4.63578
3.16523 3.55802 1.52376
4.31364 1.17848 2.23689
1.37257 0.75082 4.74893
0.818049 4.8408 0.947348
1.38874 3.81995 2.91193
4.24009 1.93544 1.80989
2.27958 1.38704 4.22843
1.73666 1.67146 4.38067
4.68413 1.39519 1.05467
2.05863 3.52834 2.88321
3.28059 2.17264 3.08503
0.493027 4.19057 2.68254
4.541 0.51137 2.02924
1.72231 4.19089 2.11425
1.5624 0.877391 4.66788
2.90948 2.54934 3.16793
0.708487 1.62669 4.6746
2.96686 0.120738 4.02283
1.1037 4.47036 1.94877
4.69848 0.784446 1.51952
4.70061 1.33554 1.05857
2.08365 2.40428 3.85718
1.89749 3.3932 3.14416
4.49065 0.137756 2.19434
0.528428 2.79152 4.11438
1.82913 2.98928 3.5663
1.71316 3.74862 2.83072
1.77114 4.60473 0.812099
4.07102 0.57204 2.84598
4.25504 1.62232 2.06463
4.02036 1.60985 2.49902
1.751 1.26993 4.50791
4.69024 0.776883 1.54859
2.36656 3.65657 2.45538
0.563829 1.9051 4.58832
4.17569 2.15075 1.71401
1.62465 3.47432 3.20774
2.8399 0.62029 4.06819
3.37611 1.46557 3.38437
2.53136 0.0177649 4.31183
1.6213 3.02279 3.63788
0.674001 1.15925 4.81683
0.116428 1.13178 4.86883
2.45415 3.5219 2.56386
2.32353 3.93199 2.03486
0.912961 2.84827 4.00673
4.16196 1.93138 1.98692
4.09055 1.94674 2.11604
0.634022 3.05491 3.90711
3.7933 2.65917 1.8814
2.03391 3.96738 2.26343
2.06168 3.27954 3.16134
0.945921 2.66995 4.12027
2.35923 0.268403 4.40022
3.45607 1.59529 3.24201
0.270241 0.126619 4.99109
0.576952 3.69793 3.31548
3.47316 1.76499 3.134
2.67205 2.7442 3.21395
1.45283 1.3297 4.59578
4.38719 0.945781 2.2041
4.39299 0.394897 2.35494
2.6455 3.95871 1.52642
4.98596 0.202995 0.314614
0.496078 1.44415 4.76113
4.02676 2.9448 0.336617
0.616321 2.59625 4.22843
1.41743 0.822828 4.72375
3.50246 1.07734 3.40178
0.77868 0.857809 4.86393
0.834223 0.165349 4.92714
4.23032 0.132835 2.66209
0.454573 2.17045 4.48135
2.99158 2.76628 2.89796
3.96176 0.83326 2.9343
4.33378 0.179983 2.48716
1.08417 0.946356 4.78842
4.7528 0.726099 1.37247
4.37498 1.9477 1.43736
1.59658 2.1721 4.21105
0.905026 2.43672 4.27122
2.36564 2.02604 3.91138
4.08261 0.539045 2.83579
2.66778 2.30768 3.54367
4.05698 1.11657 2.70078
1.65883 4.23198 2.08293
1.98904 2.25664 3.9939
3.72707 1.80682 2.80077
0.785394 2.50415 4.25586
4.51476 1.05046 1.87444
1.34083 1.31259 4.63457
1.26759 1.59401 4.56644
2.08945 2.50879 3.78684
1.06677 3.65616 3.23951
1.41133 3.64139 3.12225
3.33918 1.25672 3.50293
4.81994 0.737971 1.10615
2.29057 2.21294 3.85437
4.87945 0.61611 0.900755
2.35038 2.44111 3.6765
3.22657 0.467088 3.79092
1.94845 2.71208 3.72131
2.12271 2.82244 3.53948
4.2169 2.12594 1.64261
2.1807 2.45148 3.7729
4.59807 0.91657 1.73714
4.33958 0.724064 2.37566
0.223548 2.43736 4.35996
3.79879 2.38427 2.21007
3.68984 2.33681 2.43401
1.31092 2.91785 3.84287
2.5808 3.36185 2.65282
1.52394 2.64606 3.95929
0.0236518 2.60885 4.26537
2.92596 3.64416 1.77731
1.86605 1.72217 4.3072
1.61824 0.356184 4.71746
1.35304 4.14124 2.45345
3.25343 1.83505 3.32383
1.25477 0.449775 4.81905
4.95239 0.352986 0.590951
0.18479 0.320988 4.98626
4.44914 1.53828 1.68489
2.16208 2.07938 4.0002
3.05292 1.65063 3.59932
2.53655 3.78782 2.05386
0.16892 1.89397 4.62432
2.55974 2.58554 3.42968
2.59789 0.177706 4.26842
1.53127 1.76128 4.42189
1.97439 1.16626 4.44315
3.77071 0.0664386 3.28288
4.94354 0.193932 0.723738
2.83532 1.39198 3.876
1.27186 2.19486 4.30871
3.83969 1.54203 2.80695
0.131993 1.21437 4.84849
4.48943 0.160214 2.19531
0.788446 0.974168 4.84039
2.24204 2.39545 3.77294
1.58773 3.99256 2.55706
3.34223 0.217792 3.71242
3.14051 3.69427 1.2205
2.18131 3.5245 2.79639
2.34428 2.75129 3.45467
2.116 0.207796 4.52541
4.88464 0.96597 0.455183
2.81823 0.546148 4.09381
0.835139 1.99811 4.50667
1.57338 1.29792 4.56507
0.417341 2.0928 4.52173
0.139927 2.62036 4.25607
2.62017 4.20598 0.666655
4.54802 1.60531 1.31851
1.87796 0.0055154 4.63392
1.89352 1.91207 4.21409
0.838801 0.949965 4.83673
4.88372 0.946457 0.503441
2.8164 0.578843 4.09058
4.3469 1.59047 1.89073
0.116123 4.4159 2.34228
3.56075 1.71645 3.06184
0.638295 1.2109 4.80898
0.122837 4.03745 2.94685
3.01477 0.845934 3.89815
0.916623 0.424968 4.89686
1.12506 3.2589 3.62129
3.45668 0.569458 3.5675
3.17957 2.01814 3.28899
3.9407 0.635557 3.01113
4.97681 0.376867 0.298951
1.66555 2.44463 4.0311
4.635 1.39205 1.25658
1.70797 3.53328 3.09818
0.402387 2.74947 4.15674
0.682852 0.533454 4.92434
1.30879 3.11584 3.68492
4.75402 0.243782 1.52966
4.7174 0.0801594 1.65521
3.50215 3.46754 0.843281
2.60552 1.74426 3.89472
3.86776 2.27551 2.2051
0.873592 4.29987 2.39748
4.96002 0.529654 0.343021
2.41234 1.22551 4.20461
4.19858 1.55291 2.22719
3.43654 2.07744 2.979
0.743278 2.63421 4.18431
3.47804 3.2185 1.59514
1.40584 4.00841 2.63747
2.86767 3.5864 1.97843
3.8995 1.93146 2.46238
0.58977 1.73211 4.65317
1.74825 4.62121 0.766816
2.13553 3.7409 2.53873
1.08936 1.85965 4.51165
1.37776 4.42212 1.88326
1.01642 1.66364 4.60426
2.08792 2.15839 3.99774
4.66033 0.568361 1.71997
0.695975 4.03592 2.86827
3.11365 0.965778 3.7911
3.5287 1.60074 3.16004
1.13758 0.00787531 4.86887
2.18528 2.16397 3.94231
1.70858 3.91802 2.5942
4.27091 1.0909 2.35992
4.92523 0.117597 0.853396
2.2338 0.177609 4.46974
1.5334 0.024255 4.759
4.38078 0.819464 2.26655
1.6924 1.76481 4.36133
3.9642 2.16351 2.14577
2.21122 1.3211 4.28546
2.43706 2.77072 3.374
4.74548 1.41105 0.699578
0.842769 0.303376 4.91912
4.56511 0.0188599 2.03946
2.56096 1.40349 4.05853
2.06168 2.34035 3.90797
3.64162 3.14134 1.3677
2.55516 0.940043 4.19374
3.8934 1.01666 2.9678
1.24805 3.52014 3.3243
3.17133 2.50017 2.94819
2.91559 3.43865 2.16219
0.949278 2.85956 3.99021
4.71404 1.04115 1.30147
0.0618 3.78996 3.26074
4.86145 0.353915 1.11404
4.6292 1.62246 0.968564
2.61742 3.0422 2.9823
3.85464 3.14301 0.513042
1.05426 1.04846 4.77381
3.03034 2.65263 2.96321
1.54714 4.521 1.47205
2.54753 1.96282 3.8285
4.8413 0.133755 1.24253
3.14386 2.61004 2.88163
1.48549 3.63193 3.09878
2.99799 3.14618 2.47258
3.47194 0.258812 3.58869
0.775933 2.51697 4.25003
5 0 0
2.43522 2.60131 3.50754
2.4218 3.15016 3.03502
3.34925 0.608531 3.66227
2.72942 3.67815 2.00535
0.267495 4.61983 1.89358
1.75893 3.19602 3.4193
2.3629 1.14078 4.25621
1.86392 3.42189 3.13313
0.830561 4.11588 2.71473
0.830866 1.30564 4.75447
0.370647 4.58512 1.95942
4.37162 2.1755 1.07523
2.9519 2.27861 3.3308
2.3867 1.73199 4.03781
4.46745 1.20627 1.89388
0.245521 3.67167 3.38505
2.44896 2.00845 3.86895
2.79809 1.45721 3.87908
3.22108 0.00198406 3.82422
4.66552 1.45695 1.05369
3.49391 2.34781 2.69822
3.5049 1.55567 3.20867
1.81722 0.207124 4.65347
1.72903 4.26286 1.95922
3.09168 3.34938 2.05505
4.59899 0.658939 1.848
0.0126652 2.10775 4.53401
1.50807 4.57918 1.32545
4.45891 1.24395 1.88964
0.325785 2.56496 4.27958
4.39726 0.102048 2.37775
0.833308 1.71778 4.62113
3.20612 0.153508 3.8337
2.16361 1.34526 4.30222
1.69912 3.87582 2.6629
4.76257 0.694683 1.35476
1.01978 3.85458 3.01699
2.20328 0.885567 4.40015
3.10053 1.67225 3.54828
2.23472 1.22075 4.303
3.03705 1.99027 3.43732
2.60277 3.3454 2.65214
4.15342 2.69028 0.715227
0.964232 2.07958 4.4436
0.958434 1.07485 4.78812
2.09342 2.78548 3.5859
2.70837 1.09425 4.058
0.633412 3.859 3.11559
2.1337 2.32462 3.87859
0.688955 1.10617 4.82719
4.61882 0.848796 1.71639
0.543687 1.28495 4.80139
0.996582 3.0766 3.81332
2.14347 2.41985 3.81443
0.259865 0.464626 4.97158
2.1688 3.76545 2.47341
0.251015 3.82905 3.20552
0.211951 3.55328 3.51131
1.07013 2.48671 4.2037
1.25874 4.10412 2.56355
4.13205 1.59751 2.31821
3.33399 1.85349 3.2325
3.2635 3.27641 1.90124
1.4156 0.302211 4.78589
4.10031 1.16657 2.61276
4.83917 0.541505 1.13544
2.83166 0.167642 4.11747
1.40858 0.854022 4.72086
1.21174 1.52026 4.60657
2.6339 0.380422 4.23295
4.46135 0.113609 2.25465
4.80773 1.2034 0.661467
2.9873 3.96128 0.619904
1.2978 1.92087 4.43012
2.69341 4.10893 0.928584
3.83694 0.495363 3.16741
4.15677 1.97496 1.95468
4.20804 2.61671 0.667244
1.60024 1.31165 4.55179
4.05362 0.272909 2.91439
0.666066 1.83611 4.60272
2.85272 3.45793 2.21465
3.84121 0.225942 3.19281
1.21082 1.6219 4.57202
4.87396 0.022232 1.11536
3.24671 1.27987 3.58061
1.78732 3.8616 2.62555
4.56084 1.46701 1.43061
0.478988 4.55687 2.00137
4.52788 0.101687 2.11848
2.38792 2.64176 3.50983
2.28874 1.49465 4.18661
4.04386 0.076551 2.93962
3.72738 2.70065 1.95273
0.848262 3.16867 3.77359
3.21619 0.484748 3.79752
0.994751 3.23086 3.68402
4.87335 0.176677 1.1042
3.26411 2.64691 2.70915
3.193 2.48368 2.93873
2.87011 3.17757 2.58176
0.0993377 1.32409 4.82047
3.91476 3.07282 0.482108
2.61437 4.22615 0.552017
2.26829 3.64485 2.56318
0.140843 2.71065 4.19911
4.82727 1.29175 0.169962
2.67846 3.18327 2.77356
4.55046 2.03687 0.380082
2.16758 0.753957 4.4422
2.70592 3.68227 2.02949
3.95749 0.232685 3.04699
0.809198 3.77913 3.17228
1.35823 1.5386 4.55938
2.12729 0.104812 4.52368
3.42799 3.2651 1.60872
0.757927 4.26319 2.50016
0.460982 3.92878 3.05813
0.211035 2.65656 4.23062
0.60564 1.11163 4.83709
4.53978 2.01117 0.587856
1.75161 0.876831 4.60033
2.50206 2.32769 3.64987
1.27155 0.83395 4.76316
4.19736 2.30673 1.43567
0.175329 2.86042 4.09723
1.34907 0.517058 4.78672
4.78729 0.421542 1.37993
1.94906 0.392477 4.58771
4.29136 1.98962 1.62039
3.33857 0.580572 3.67653
4.6466 0.525793 1.76994
2.84173 2.3158 3.40024
1.96005 0.88846 4.51319
4.7824 1.25363 0.746353
4.60326 0.488174 1.88989
1.10431 0.280236 4.86847
2.95495 2.15868 3.4071
3.30531 2.75441 2.54719
2.27683 3.70052 2.4743
3.67763 0.699371 3.3145
2.97418 0.783436 3.94214
4.77142 0.411179 1.43684
2.10074 1.27047 4.35578
2.81304 2.76033 3.07691
2.72179 0.186244 4.19013
3.22962 0.638245 3.76327
0.629749 1.23569 4.8038
3.8171 0.114625 3.22747
3.01813 0.384315 3.96777
0.273904 2.15031 4.50568
4.0759 0.378013 2.87126
1.68905 3.26439 3.38982
4.3057 0.551776 2.48122
4.85168 0.17785 1.19565
4.91516 0.685805 0.609004
4.51903 0.809666 1.98061
3.61385 3.14182 1.43842
4.41801 2.2233 0.733564
1.08722 3.82496 3.0311
4.906 0.14645 0.953775
1.09333 1.90071 4.49355
2.42058 0.953193 4.26992
4.53368 0.453205 2.05922
0.390179 2.14149 4.50131
4.11069 1.10593 2.62281
3.69076 0.677683 3.3044
1.90939 4.48398 1.11719
3.97885 2.27966 1.99296
4.61028 0.435937 1.88555
0.999329 0.390978 4.88349
2.16056 1.32891 4.30883
3.61812 2.67688 2.17796
1.87124 2.0992 4.13422
4.00784 0.451707 2.95519
1.94906 4.35378 1.49858
4.30021 0.836721 2.41
4.9292 0.198286 0.814679
0.863521 0.711368 4.87322
0.624256 1.67704 4.66882
4.29136 2.03519 1.56276
0.0196844 0.611128 4.96247
4.50224 1.48839 1.58572
1.71255 0.781471 4.63211
0.890378 0.0349858 4.91996
3.07886 1.18704 3.75653
1.54805 1.61302 4.47233
2.20603 2.46528 3.74911
2.73766 2.05844 3.64253
3.43654 0.507971 3.59613
2.20359 1.46768 4.24148
0.841853 3.7942 3.14569
0.257424 2.88703 4.07416
2.35496 0.352807 4.39655
0.386822 4.17687 2.72105
3.91964 0.374117 3.08163
2.24418 3.96491 2.0599
0.126499 1.93532 4.60853
3.78475 2.60625 1.97056
2.14469 3.79851 2.44369
4.14029 2.58625 1.08133
0.124058 3.48063 3.58745
2.99463 3.94977 0.656913
4.67101 1.69619 0.551915
4.01364 0.000636984 2.98172
0.553758 2.62922 4.2167
4.47996 1.95946 1.04424
0.811029 4.92957 0.203919
1.08142 3.34298 3.55739
0.979797 4.10252 2.68502
4.06278 1.12149 2.69
1.46107 4.39008 1.89538
3.76949 1.37415 2.98373
3.68618 3.05095 1.45045
0.559557 1.94228 4.57323
3.27967 0.684973 3.71141
4.81017 0.883031 1.04042
2.70196 0.0894903 4.20612
4.24284 0.228076 2.63559
0.650502 0.146605 4.95534
1.2566 4.0145 2.70273
2.67785 2.37533 3.49098
0.789056 0.71739 4.88495
0.286416 1.96719 4.58782
1.86727 2.41785 3.95819
0.999939 4.41578 2.12157
3.49818 2.59605 2.45423
3.91385 3.07529 0.473736
1.14216 2.25407 4.31447
2.21091 2.93779 3.3884
1.23676 2.41219 4.2014
2.04855 2.23509 3.9759
0.312357 0.910264 4.90651
4.43876 1.00593 2.07014
0.541246 2.697 4.17531
4.96216 0.421669 0.446308
2.56432 0.10519 4.29106
0.947447 0.981523 4.8103
4.68078 1.27573 1.20948
0.707266 0.306195 4.94024
1.2505 2.02512 4.39718
1.05121 3.02138 3.84268
2.58599 1.49131 4.01107
1.49251 3.42841 3.3194
2.2515 2.35556 3.79237
2.52831 0.576743 4.27493
2.32841 1.83232 4.02754
4.29594 1.82564 1.79219
4.25626 0.665974 2.53785
2.49413 0.147461 4.331
2.65831 1.79035 3.83771
2.09494 0.359821 4.52568
0.659047 4.60999 1.82035
2.98914 3.73755 1.44769
4.26267 1.60333 2.06372
3.57143 1.06013 3.33482
3.44142 2.08631 2.96715
2.8985 1.91442 3.59635
1.25385 3.44431 3.40067
1.46229 3.73193 2.98905
3.55159 0.371521 3.49974
1.51173 3.56747 3.16035
1.23798 0.939827 4.75228
0.104221 0.477358 4.97607
2.15567 3.48047 2.87043
2.41508 1.41348 4.1436
3.99625 1.32582 2.6967
1.00024 2.38749 4.27778
0.556505 1.75316 4.64938
0.613269 2.83602 4.07196
4.8413 0.669459 1.05527
4.38871 1.03402 2.16101
2.43858 1.41593 4.12898
1.20075 1.79604 4.50915
0.785699 0.867863 4.86102
3.1109 1.15745 3.73933
1.01978 0.734825 4.83943
4.85626 0.299431 1.152
3.37245 2.7958 2.41041
2.54479 4.25142 0.670448
0.901059 3.76031 3.16988
3.53847 0.859997 3.42632
1.51631 2.12512 4.26435
2.2454 1.1064 4.32829
3.49544 2.16724 2.84341
2.15873 2.55993 3.71304
0.645924 3.20226 3.78528
4.0759 0.0921833 2.89457
0.218665 3.85492 3.17676
0.231178 3.04356 3.96022
0.28428 4.89106 0.998362
4.60967 0.71371 1.80044
2.3693 1.68571 4.06753
3.30012 3.05604 2.184
0.361492 0.817734 4.91941
3.57356 3.18758 1.43838
0.268105 4.9215 0.840829
2.45506 3.11046 3.04921
3.67672 1.96926 2.75749
3.5641 2.04013 2.8522
3.87631 1.25944 2.89621
3.20032 1.40512 3.57541
2.20908 3.40764 2.91683
4.71953 1.48448 0.72272
0.432295 1.40939 4.77773
2.65648 3.77364 1.92424
3.29096 3.73116 0.497984
2.11661 3.73858 2.55793
2.28233 0.92906 4.35061
0.782037 4.39016 2.26161
0.221412 3.63805 3.4228
2.95251 3.69874 1.61307
1.72781 2.57188 3.9243
3.2989 2.3829 2.90501
4.00021 2.05294 2.18718
0.444502 0.890196 4.9
0.289773 2.97893 4.00525
1.02893 0.480981 4.86929
3.93124 2.91418 1.02612
2.06961 0.290732 4.54227
2.20481 2.60339 3.65529
2.72698 0.127516 4.18895
1.50838 2.59062 4.00168
2.6632 0.346497 4.2175
2.82678 1.92562 3.6471
2.98914 3.24166 2.35727
0.833003 0.241187 4.92422
1.0567 1.04029 4.77506
3.81466 1.30462 2.95742
1.47908 2.03121 4.32279
3.03827 3.06354 2.52658
3.75515 0.443208 3.27145
1.86026 0.236111 4.63505
3.55708 2.28362 2.67062
3.75759 3.21823 0.72354
3.33888 0.937865 3.60171
0.657521 0.525352 4.92866
1.95883 2.39247 3.92926
0.721305 3.71708 3.26543
2.4807 4.21615 1.03453
1.83645 4.50406 1.15796
1.22181 3.34745 3.50739
1.03748 2.54911 4.17441
4.63775 1.68147 0.814852
0.229041 1.00102 4.89341
3.61385 3.21353 1.27016
1.41011 1.2176 4.63994
0.167089 4.29689 2.55123
0.551622 4.28549 2.51601
3.15851 3.5181 1.62688
0.327921 0.0683665 4.98877
4.54405 0.477281 2.03071
3.30012 3.40705 1.58153
2.42424 2.75015 3.39996
4.18149 0.355482 2.71822
1.75191 4.50124 1.29215
3.193 0.952911 3.72783
1.99362 2.31556 3.95774
0.126499 2.42102 4.37295
3.39351 1.74588 3.23048
2.3809 0.182353 4.39296
0.112156 4.37663 2.41507
3.78262 2.48069 2.13025
4.55351 2.01917 0.434108
4.9115 0.807281 0.474871
3.83358 2.91291 1.34856
1.40492 2.81511 3.88604
2.11997 3.3448 3.05255
2.83532 0.691904 4.05983
0.96118 1.73781 4.5887
3.97397 1.59309 2.58257
1.65426 0.737131 4.66048
4.04477 2.02473 2.1308
3.83724 1.52446 2.81985
4.11924 2.20129 1.785
0.0386059 4.12979 2.81839
0.653554 1.07033 4.84017
3.7933 2.35477 2.25076
4.35606 1.33825 2.05763
4.11191 1.11063 2.61891
2.64794 3.92648 1.60348
3.12922 3.62815 1.42986
4.98566 0.282571 0.251764
3.69625 1.4963 3.01643
0.193335 0.483814 4.97278
4.80651 1.09212 0.839473
1.6036 4.50173 1.47068
4.10153 1.6832 2.31176
3.17835 2.3598 3.05441
1.50838 2.45096 4.08872
1.26148 0.0872648 4.83746
3.33003 1.46346 3.43063
2.26524 1.57242 4.17088
1.14307 3.32265 3.55716
4.50224 0.493476 2.11809
0.385601 0.109083 4.98392
0.630055 2.34285 4.37197
2.28111 1.10761 4.30926
2.16422 1.4046 4.2829
2.63115 3.7166 2.06493
1.48518 2.83616 3.84063
3.17164 2.05293 3.27509
2.07968 3.43767 2.97613
1.04266 0.401002 4.87361
2.66717 1.34503 4.00963
0.975829 1.2031 4.75398
1.34754 3.66705 3.1204
4.52361 0.147626 2.1249
2.95953 1.3267 3.8054
1.72414 2.05927 4.21743
2.08487 2.10441 4.028
3.34315 2.06158 3.09406
3.31019 0.477697 3.71678
3.73745 2.67345 1.97082
1.44948 2.16271 4.26869
2.31223 3.04321 3.22373
0.54857 0.342322 4.95801
0.403302 0.725343 4.93064
1.55354 1.56194 4.48852
0.146641 4.43472 2.30473
1.48396 4.22128 2.2313
4.27183 2.21567 1.35731
3.5818 0.892524 3.37255
0.117038 2.51297 4.32103
0.186316 3.8541 3.17981
2.1865 0.857818 4.414
3.09473 3.13279 2.36818
3.09046 3.35283 2.05124
2.48589 3.55128 2.49174
0.785699 3.8613 3.07783
1.41072 4.06197 2.55153
2.98242 2.61103 3.04757
3.04926 2.69666 2.90345
2.03909 0.0107281 4.5653
0.631581 1.00313 4.85745
0.91052 0.676835 4.86958
4.18851 0.240421 2.72003
4.4763 0.502353 2.17034
3.96237 0.415544 3.02108
1.45466 2.42712 4.12226
4.11496 0.496766 2.79648
2.7221 1.05482 4.05925
1.39515 3.06706 3.69414
0.633106 0.662219 4.91535
2.5692 1.50373 4.01721
2.82372 1.14911 3.9631
0.609302 1.12698 4.83308
2.49351 1.78939 3.94721
3.43287 1.34763 3.37628
1.81234 1.83814 4.28213
4.1644 0.394648 2.73898
3.49635 3.01753 1.91573
2.79534 0.904728 4.04568
4.86023 0.819276 0.840831
3.78536 0.67941 3.19522
2.93207 3.37421 2.24003
1.42994 0.0103816 4.79115
1.76962 4.10066 2.2479
3.75973 0.0994863 3.29462
1.59749 4.7041 0.565219
2.44133 2.64456 3.47077
2.6339 3.87464 1.74634
2.35771 3.82495 2.1934
1.1861 1.25809 4.69152
2.16819 0.132687 4.50348
4.38383 0.173114 2.39834
1.78579 2.59843 3.88061
1.80837 2.79703 3.72913
1.16169 0.482503 4.83918
3.12372 0.884918 3.80254
0.115818 2.50444 4.32601
4.02097 1.32589 2.65967
3.87753 2.44843 1.99248
2.93146 2.50234 3.1851
3.62209 2.3343 2.53604
0.99414 4.41953 2.11647
3.68709 1.92621 2.774
4.85839 0.58851 1.02453
2.96564 0.649281 3.97284
1.89962 3.93966 2.42291
2.01254 0.696054 4.52385
3.99319 0.54392 2.95948
1.66585 3.4373 3.22643
1.55049 1.41023 4.53952
1.75924 4.46318 1.40895
0.541246 4.18301 2.68504
0.294351 3.8507 3.17577
1.23524 1.42466 4.63083
2.21915 2.57057 3.66981
0.200049 4.64349 1.84337
4.82543 0.758324 1.06777
3.9761 1.41639 2.68038
3.65719 0.591964 3.35776
